   1.0072000e+03
   1.0063000e+03
   1.0083000e+03
   1.0097000e+03
   1.0107000e+03
   1.0131000e+03
   1.0131000e+03
   1.0130000e+03
   1.0118000e+03
   1.0106000e+03
   1.0087000e+03
   1.0078000e+03
   1.0074000e+03
   1.0064000e+03
   1.0087000e+03
   1.0097000e+03
   1.0107000e+03
   1.0124000e+03
   1.0128000e+03
   1.0124000e+03
   1.0113000e+03
   1.0096000e+03
   1.0105000e+03
   1.0079000e+03
   1.0060000e+03
   1.0069000e+03
   1.0084000e+03
   1.0102000e+03
   1.0124000e+03
   1.0137000e+03
   1.0134000e+03
   1.0135000e+03
   1.0125000e+03
   1.0113000e+03
   1.0105000e+03
   1.0077000e+03
   1.0077000e+03
   1.0074000e+03
   1.0097000e+03
   1.0068000e+03
   1.0093000e+03
   1.0110000e+03
   1.0125000e+03
   1.0113000e+03
   1.0115000e+03
   1.0091000e+03
   1.0078000e+03
   1.0061000e+03
   1.0039000e+03
   1.0052000e+03
   1.0089000e+03
   1.0100000e+03
   1.0118000e+03
   1.0133000e+03
   1.0127000e+03
   1.0116000e+03
   1.0117000e+03
   1.0110000e+03
   1.0094000e+03
   1.0089000e+03
   1.0069000e+03
   1.0071000e+03
   1.0095000e+03
   1.0096000e+03
   1.0112000e+03
   1.0124000e+03
   1.0130000e+03
   1.0127000e+03
   1.0116000e+03
   1.0101000e+03
   1.0082000e+03
   1.0072000e+03
   1.0032000e+03
   1.0050000e+03
   1.0056000e+03
   1.0117000e+03
   1.0101000e+03
   1.0100000e+03
   1.0109000e+03
   1.0115000e+03
   1.0099000e+03
   1.0090000e+03
   1.0072000e+03
   1.0046000e+03
   1.0037000e+03
   1.0073000e+03
   1.0085000e+03
   1.0101000e+03
   1.0131000e+03
   1.0167000e+03
   1.0153000e+03
   1.0136000e+03
   1.0150000e+03
   1.0110000e+03
   1.0089000e+03
   1.0050000e+03
   1.0059000e+03
   1.0082000e+03
   1.0094000e+03
   1.0094000e+03
   1.0102000e+03
   1.0134000e+03
   1.0132000e+03
   1.0129000e+03
   1.0108000e+03
   1.0086000e+03
   1.0087000e+03
   1.0049000e+03
   1.0060000e+03
   1.0064000e+03
   1.0096000e+03
   1.0094000e+03
   1.0106000e+03
   1.0110000e+03
   1.0128000e+03
   1.0129000e+03
   1.0105000e+03
   1.0076000e+03
   1.0090000e+03
   1.0068000e+03
   1.0048000e+03
   1.0053000e+03
   1.0064000e+03
   1.0082000e+03
   1.0109000e+03
   1.0121000e+03
   1.0143000e+03
   1.0128000e+03
   1.0116000e+03
   1.0110000e+03
   1.0086000e+03
   1.0088000e+03
   1.0068000e+03
   1.0077000e+03
   1.0074000e+03
   1.0109000e+03
   1.0111000e+03
   1.0149000e+03
   1.0148000e+03
   1.0139000e+03
   1.0138000e+03
   1.0126000e+03
   1.0103000e+03
   1.0087000e+03
   1.0068000e+03
   1.0093000e+03
   1.0083000e+03
   1.0097000e+03
   1.0106000e+03
   1.0124000e+03
   1.0117000e+03
   1.0131000e+03
   1.0102000e+03
   1.0092000e+03
   1.0082000e+03
   1.0051000e+03
   1.0051000e+03
   1.0053000e+03
   1.0070000e+03
   1.0093000e+03
   1.0106000e+03
   1.0119000e+03
   1.0117000e+03
   1.0116000e+03
   1.0111000e+03
   1.0099000e+03
   1.0077000e+03
   1.0068000e+03
   1.0043000e+03
   1.0068000e+03
   1.0067000e+03
   1.0100000e+03
   1.0103000e+03
   1.0124000e+03
   1.0141000e+03
   1.0130000e+03
   1.0125000e+03
   1.0116000e+03
   1.0098000e+03
   1.0082000e+03
   1.0069000e+03
   1.0073000e+03
   1.0092000e+03
   1.0113000e+03
   1.0109000e+03
   1.0125000e+03
   1.0143000e+03
   1.0141000e+03
   1.0131000e+03
   1.0127000e+03
   1.0078000e+03
   1.0065000e+03
   1.0064000e+03
   1.0064000e+03
   1.0074000e+03
   1.0085000e+03
   1.0095000e+03
   1.0122000e+03
   1.0132000e+03
   1.0132000e+03
   1.0118000e+03
   1.0094000e+03
   1.0095000e+03
   1.0057000e+03
   1.0074000e+03
   1.0066000e+03
   1.0091000e+03
   1.0085000e+03
   1.0105000e+03
   1.0125000e+03
   1.0129000e+03
   1.0118000e+03
   1.0118000e+03
   1.0101000e+03
   1.0071000e+03
   1.0068000e+03
   1.0074000e+03
   1.0074000e+03
   1.0074000e+03
   1.0112000e+03
   1.0112000e+03
   1.0125000e+03
   1.0132000e+03
   1.0125000e+03
   1.0122000e+03
   1.0108000e+03
   1.0091000e+03
   1.0074000e+03
   1.0074000e+03
   1.0064000e+03
   1.0085000e+03
   1.0105000e+03
   1.0129000e+03
   1.0135000e+03
   1.0142000e+03
   1.0132000e+03
   1.0132000e+03
   1.0125000e+03
   1.0112000e+03
   1.0071000e+03
   1.0078000e+03
   1.0057000e+03
   1.0085000e+03
   1.0091000e+03
   1.0105000e+03
   1.0122000e+03
   1.0118000e+03
   1.0112000e+03
   1.0108000e+03
   1.0098000e+03
   1.0081000e+03
   1.0044000e+03
   1.0057000e+03
   1.0047000e+03
   1.0071000e+03
   1.0085000e+03
   1.0108000e+03
   1.0125000e+03
   1.0135000e+03
   1.0125000e+03
   1.0122000e+03
   1.0112000e+03
   1.0095000e+03
   1.0081000e+03
   1.0054000e+03
   1.0071000e+03
   1.0098000e+03
   1.0105000e+03
   1.0112000e+03
   1.0132000e+03
   1.0139000e+03
   1.0135000e+03
   1.0125000e+03
   1.0122000e+03
   1.0098000e+03
   1.0088000e+03
   1.0091000e+03
   1.0085000e+03
   1.0101000e+03
   1.0101000e+03
   1.0112000e+03
   1.0112000e+03
   1.0129000e+03
   1.0129000e+03
   1.0108000e+03
   1.0101000e+03
   1.0057000e+03
   1.0044000e+03
   1.0040000e+03
   1.0064000e+03
   1.0068000e+03
   1.0088000e+03
   1.0108000e+03
   1.0115000e+03
   1.0125000e+03
   1.0122000e+03
   1.0105000e+03
   1.0098000e+03
   1.0091000e+03
   1.0074000e+03
   1.0054000e+03
   1.0068000e+03
   1.0091000e+03
   1.0101000e+03
   1.0122000e+03
   1.0132000e+03
   1.0142000e+03
   1.0149000e+03
   1.0139000e+03
   1.0115000e+03
   1.0101000e+03
   1.0088000e+03
   1.0064000e+03
   1.0081000e+03
   1.0061000e+03
   1.0098000e+03
   1.0118000e+03
   1.0118000e+03
   1.0132000e+03
   1.0122000e+03
   1.0112000e+03
   1.0091000e+03
   1.0081000e+03
   1.0071000e+03
   1.0057000e+03
   1.0057000e+03
   1.0088000e+03
   1.0091000e+03
   1.0112000e+03
   1.0118000e+03
   1.0122000e+03
   1.0132000e+03
   1.0115000e+03
   1.0095000e+03
   1.0088000e+03
   1.0078000e+03
   1.0034000e+03
   1.0061000e+03
   1.0074000e+03
   1.0095000e+03
   1.0118000e+03
   1.0129000e+03
   1.0139000e+03
   1.0125000e+03
   1.0122000e+03
   1.0108000e+03
   1.0091000e+03
   1.0078000e+03
   1.0054000e+03
   1.0071000e+03
   1.0085000e+03
   1.0101000e+03
   1.0122000e+03
   1.0129000e+03
   1.0129000e+03
   1.0125000e+03
   1.0118000e+03
   1.0108000e+03
   1.0108000e+03
   1.0078000e+03
   1.0061000e+03
   1.0061000e+03
   1.0078000e+03
   1.0091000e+03
   1.0139000e+03
   1.0132000e+03
   1.0135000e+03
   1.0149000e+03
   1.0135000e+03
   1.0129000e+03
   1.0101000e+03
   1.0095000e+03
   1.0078000e+03
   1.0074000e+03
   1.0098000e+03
   1.0108000e+03
   1.0125000e+03
   1.0125000e+03
   1.0139000e+03
   1.0132000e+03
   1.0118000e+03
   1.0108000e+03
   1.0091000e+03
   1.0057000e+03
   1.0061000e+03
   1.0051000e+03
   1.0040000e+03
   1.0091000e+03
   1.0115000e+03
   1.0122000e+03
   1.0132000e+03
   1.0125000e+03
   1.0108000e+03
   1.0095000e+03
   1.0068000e+03
   1.0061000e+03
   1.0054000e+03
   1.0071000e+03
   1.0061000e+03
   1.0091000e+03
   1.0115000e+03
   1.0132000e+03
   1.0135000e+03
   1.0129000e+03
   1.0125000e+03
   1.0119000e+03
   1.0098000e+03
   1.0081000e+03
   1.0078000e+03
   1.0081000e+03
   1.0098000e+03
   1.0108000e+03
   1.0115000e+03
   1.0119000e+03
   1.0122000e+03
   1.0112000e+03
   1.0115000e+03
   1.0105000e+03
   1.0091000e+03
   1.0085000e+03
   1.0064000e+03
   1.0068000e+03
   1.0075000e+03
   1.0098000e+03
   1.0115000e+03
   1.0122000e+03
   1.0132000e+03
   1.0132000e+03
   1.0129000e+03
   1.0105000e+03
   1.0098000e+03
   1.0075000e+03
   1.0058000e+03
   1.0081000e+03
   1.0081000e+03
   1.0102000e+03
   1.0129000e+03
   1.0132000e+03
   1.0139000e+03
   1.0135000e+03
   1.0135000e+03
   1.0122000e+03
   1.0108000e+03
   1.0085000e+03
   1.0081000e+03
   1.0085000e+03
   1.0058000e+03
   1.0091000e+03
   1.0112000e+03
   1.0129000e+03
   1.0115000e+03
   1.0129000e+03
   1.0112000e+03
   1.0102000e+03
   1.0085000e+03
   1.0054000e+03
   1.0058000e+03
   1.0054000e+03
   1.0071000e+03
   1.0075000e+03
   1.0108000e+03
   1.0132000e+03
   1.0132000e+03
   1.0132000e+03
   1.0122000e+03
   1.0098000e+03
   1.0102000e+03
   1.0078000e+03
   1.0078000e+03
   1.0078000e+03
   1.0108000e+03
   1.0108000e+03
   1.0112000e+03
   1.0129000e+03
   1.0139000e+03
   1.0135000e+03
   1.0119000e+03
   1.0102000e+03
   1.0108000e+03
   1.0085000e+03
   1.0064000e+03
   1.0071000e+03
   1.0085000e+03
   1.0098000e+03
   1.0112000e+03
   1.0122000e+03
   1.0119000e+03
   1.0125000e+03
   1.0105000e+03
   1.0098000e+03
   1.0071000e+03
   1.0068000e+03
   1.0051000e+03
   1.0061000e+03
   1.0081000e+03
   1.0098000e+03
   1.0115000e+03
   1.0115000e+03
   1.0125000e+03
   1.0129000e+03
   1.0122000e+03
   1.0105000e+03
   1.0088000e+03
   1.0058000e+03
   1.0078000e+03
   1.0054000e+03
   1.0071000e+03
   1.0081000e+03
   1.0112000e+03
   1.0129000e+03
   1.0129000e+03
   1.0125000e+03
   1.0119000e+03
   1.0102000e+03
   1.0085000e+03
   1.0071000e+03
   1.0058000e+03
   1.0078000e+03
   1.0058000e+03
   1.0098000e+03
   1.0105000e+03
   1.0115000e+03
   1.0122000e+03
   1.0119000e+03
   1.0112000e+03
   1.0095000e+03
   1.0081000e+03
   1.0068000e+03
   1.0044000e+03
   1.0051000e+03
   1.0068000e+03
   1.0081000e+03
   1.0112000e+03
   1.0112000e+03
   1.0119000e+03
   1.0119000e+03
   1.0105000e+03
   1.0105000e+03
   1.0071000e+03
   1.0058000e+03
   1.0054000e+03
   1.0058000e+03
   1.0078000e+03
   1.0085000e+03
   1.0119000e+03
   1.0139000e+03
   1.0135000e+03
   1.0135000e+03
   1.0122000e+03
   1.0119000e+03
   1.0098000e+03
   1.0075000e+03
   1.0075000e+03
   1.0091000e+03
   1.0081000e+03
   1.0115000e+03
   1.0125000e+03
   1.0125000e+03
   1.0119000e+03
   1.0132000e+03
   1.0112000e+03
   1.0112000e+03
   1.0088000e+03
   1.0085000e+03
   1.0061000e+03
   1.0071000e+03
   1.0068000e+03
   1.0095000e+03
   1.0125000e+03
   1.0132000e+03
   1.0139000e+03
   1.0129000e+03
   1.0132000e+03
   1.0119000e+03
   1.0102000e+03
   1.0081000e+03
   1.0085000e+03
   1.0085000e+03
   1.0075000e+03
   1.0105000e+03
   1.0112000e+03
   1.0135000e+03
   1.0142000e+03
   1.0149000e+03
   1.0135000e+03
   1.0135000e+03
   1.0108000e+03
   1.0085000e+03
   1.0085000e+03
   1.0078000e+03
   1.0105000e+03
   1.0112000e+03
   1.0119000e+03
   1.0119000e+03
   1.0119000e+03
   1.0125000e+03
   1.0105000e+03
   1.0098000e+03
   1.0085000e+03
   1.0054000e+03
   1.0051000e+03
   1.0061000e+03
   1.0075000e+03
   1.0098000e+03
   1.0098000e+03
   1.0105000e+03
   1.0112000e+03
   1.0122000e+03
   1.0108000e+03
   1.0091000e+03
   1.0078000e+03
   1.0041000e+03
   1.0061000e+03
   1.0075000e+03
   1.0058000e+03
   1.0085000e+03
   1.0105000e+03
   1.0112000e+03
   1.0108000e+03
   1.0108000e+03
   1.0105000e+03
   1.0098000e+03
   1.0075000e+03
   1.0051000e+03
   1.0054000e+03
   1.0054000e+03
   1.0088000e+03
   1.0091000e+03
   1.0108000e+03
   1.0125000e+03
   1.0139000e+03
   1.0135000e+03
   1.0142000e+03
   1.0112000e+03
   1.0091000e+03
   1.0081000e+03
   1.0071000e+03
   1.0088000e+03
   1.0085000e+03
   1.0095000e+03
   1.0108000e+03
   1.0129000e+03
   1.0132000e+03
   1.0135000e+03
   1.0125000e+03
   1.0112000e+03
   1.0098000e+03
   1.0081000e+03
   1.0051000e+03
   1.0068000e+03
   1.0088000e+03
   1.0088000e+03
   1.0108000e+03
   1.0102000e+03
   1.0112000e+03
   1.0119000e+03
   1.0112000e+03
   1.0102000e+03
   1.0085000e+03
   1.0054000e+03
   1.0051000e+03
   1.0064000e+03
   1.0068000e+03
   1.0102000e+03
   1.0102000e+03
   1.0105000e+03
   1.0122000e+03
   1.0132000e+03
   1.0119000e+03
   1.0105000e+03
   1.0088000e+03
   1.0061000e+03
   1.0054000e+03
   1.0051000e+03
   1.0068000e+03
   1.0095000e+03
   1.0105000e+03
   1.0115000e+03
   1.0125000e+03
   1.0129000e+03
   1.0115000e+03
   1.0105000e+03
   1.0088000e+03
   1.0061000e+03
   1.0051000e+03
   1.0064000e+03
   1.0064000e+03
   1.0081000e+03
   1.0102000e+03
   1.0115000e+03
   1.0139000e+03
   1.0146000e+03
   1.0125000e+03
   1.0115000e+03
   1.0095000e+03
   1.0071000e+03
   1.0075000e+03
   1.0068000e+03
   1.0075000e+03
   1.0095000e+03
   1.0105000e+03
   1.0122000e+03
   1.0132000e+03
   1.0129000e+03
   1.0119000e+03
   1.0095000e+03
   1.0081000e+03
   1.0058000e+03
   1.0054000e+03
   1.0041000e+03
   1.0051000e+03
   1.0078000e+03
   1.0105000e+03
   1.0122000e+03
   1.0139000e+03
   1.0129000e+03
   1.0129000e+03
   1.0115000e+03
   1.0102000e+03
   1.0081000e+03
   1.0064000e+03
   1.0085000e+03
   1.0095000e+03
   1.0102000e+03
   1.0112000e+03
   1.0129000e+03
   1.0129000e+03
   1.0129000e+03
   1.0115000e+03
   1.0098000e+03
   1.0095000e+03
   1.0064000e+03
   1.0051000e+03
   1.0068000e+03
   1.0068000e+03
   1.0088000e+03
   1.0108000e+03
   1.0119000e+03
   1.0125000e+03
   1.0132000e+03
   1.0125000e+03
   1.0112000e+03
   1.0095000e+03
   1.0071000e+03
   1.0085000e+03
   1.0058000e+03
   1.0064000e+03
   1.0091000e+03
   1.0119000e+03
   1.0129000e+03
   1.0129000e+03
   1.0132000e+03
   1.0119000e+03
   1.0095000e+03
   1.0095000e+03
   1.0064000e+03
   1.0030000e+03
   1.0044000e+03
   1.0075000e+03
   1.0095000e+03
   1.0119000e+03
   1.0135000e+03
   1.0139000e+03
   1.0132000e+03
   1.0125000e+03
   1.0108000e+03
   1.0081000e+03
   1.0064000e+03
   1.0047000e+03
   1.0064000e+03
   1.0081000e+03
   1.0102000e+03
   1.0119000e+03
   1.0129000e+03
   1.0135000e+03
   1.0135000e+03
   1.0132000e+03
   1.0119000e+03
   1.0108000e+03
   1.0078000e+03
   1.0064000e+03
   1.0085000e+03
   1.0085000e+03
   1.0095000e+03
   1.0115000e+03
   1.0125000e+03
   1.0132000e+03
   1.0125000e+03
   1.0112000e+03
   1.0115000e+03
   1.0088000e+03
   1.0068000e+03
   1.0054000e+03
   1.0075000e+03
   1.0078000e+03
   1.0102000e+03
   1.0112000e+03
   1.0125000e+03
   1.0135000e+03
   1.0135000e+03
   1.0115000e+03
   1.0102000e+03
   1.0091000e+03
   1.0064000e+03
   1.0068000e+03
   1.0054000e+03
   1.0068000e+03
   1.0095000e+03
   1.0112000e+03
   1.0125000e+03
   1.0129000e+03
   1.0132000e+03
   1.0119000e+03
   1.0098000e+03
   1.0081000e+03
   1.0064000e+03
   1.0058000e+03
   1.0075000e+03
   1.0071000e+03
   1.0088000e+03
   1.0115000e+03
   1.0119000e+03
   1.0125000e+03
   1.0135000e+03
   1.0122000e+03
   1.0108000e+03
   1.0085000e+03
   1.0075000e+03
   1.0054000e+03
   1.0075000e+03
   1.0061000e+03
   1.0095000e+03
   1.0122000e+03
   1.0129000e+03
   1.0129000e+03
   1.0135000e+03
   1.0108000e+03
   1.0098000e+03
   1.0091000e+03
   1.0081000e+03
   1.0068000e+03
   1.0068000e+03
   1.0075000e+03
   1.0091000e+03
   1.0102000e+03
   1.0125000e+03
   1.0125000e+03
   1.0122000e+03
   1.0115000e+03
   1.0108000e+03
   1.0095000e+03
   1.0068000e+03
   1.0051000e+03
   1.0078000e+03
   1.0061000e+03
   1.0091000e+03
   1.0119000e+03
   1.0122000e+03
   1.0135000e+03
   1.0125000e+03
   1.0125000e+03
   1.0108000e+03
   1.0081000e+03
   1.0064000e+03
   1.0051000e+03
   1.0058000e+03
   1.0081000e+03
   1.0091000e+03
   1.0098000e+03
   1.0115000e+03
   1.0119000e+03
   1.0115000e+03
   1.0119000e+03
   1.0108000e+03
   1.0078000e+03
   1.0068000e+03
   1.0047000e+03
   1.0058000e+03
   1.0064000e+03
   1.0091000e+03
   1.0112000e+03
   1.0125000e+03
   1.0129000e+03
   1.0115000e+03
   1.0132000e+03
   1.0115000e+03
   1.0091000e+03
   1.0091000e+03
   1.0058000e+03
   1.0064000e+03
   1.0088000e+03
   1.0108000e+03
   1.0122000e+03
   1.0139000e+03
   1.0142000e+03
   1.0142000e+03
   1.0142000e+03
   1.0139000e+03
   1.0095000e+03
   1.0098000e+03
   1.0078000e+03
   1.0097000e+03
   1.0087000e+03
   1.0106000e+03
   1.0112000e+03
   1.0137000e+03
   1.0154000e+03
   1.0145000e+03
   1.0127000e+03
   1.0119000e+03
   1.0092000e+03
   1.0088000e+03
   1.0085000e+03
   1.0063000e+03
   1.0086000e+03
   1.0103000e+03
   1.0098000e+03
   1.0118000e+03
   1.0132000e+03
   1.0121000e+03
   1.0111000e+03
   1.0095000e+03
   1.0083000e+03
   1.0067000e+03
   1.0063000e+03
   1.0049000e+03
   1.0074000e+03
   1.0088000e+03
   1.0108000e+03
   1.0131000e+03
   1.0126000e+03
   1.0120000e+03
   1.0111000e+03
   1.0097000e+03
   1.0084000e+03
   1.0077000e+03
   1.0072000e+03
   1.0067000e+03
   1.0076000e+03
   1.0102000e+03
   1.0116000e+03
   1.0131000e+03
   1.0140000e+03
   1.0135000e+03
   1.0124000e+03
   1.0113000e+03
   1.0090000e+03
   1.0063000e+03
   1.0065000e+03
   1.0064000e+03
   1.0058000e+03
   1.0103000e+03
   1.0113000e+03
   1.0118000e+03
   1.0134000e+03
   1.0122000e+03
   1.0119000e+03
   1.0111000e+03
   1.0093000e+03
   1.0072000e+03
   1.0063000e+03
   1.0055000e+03
   1.0086000e+03
   1.0104000e+03
   1.0116000e+03
   1.0132000e+03
   1.0138000e+03
   1.0134000e+03
   1.0127000e+03
   1.0118000e+03
   1.0092000e+03
   1.0073000e+03
   1.0075000e+03
   1.0063000e+03
   1.0070000e+03
   1.0096000e+03
   1.0124000e+03
   1.0126000e+03
   1.0132000e+03
   1.0116000e+03
   1.0115000e+03
   1.0106000e+03
   1.0082000e+03
   1.0067000e+03
   1.0073000e+03
   1.0065000e+03
   1.0076000e+03
   1.0090000e+03
   1.0108000e+03
   1.0127000e+03
   1.0123000e+03
   1.0122000e+03
   1.0122000e+03
   1.0104000e+03
   1.0076000e+03
   1.0077000e+03
   1.0073000e+03
   1.0056000e+03
   1.0062000e+03
   1.0101000e+03
   1.0111000e+03
   1.0135000e+03
   1.0130000e+03
   1.0134000e+03
   1.0118000e+03
   1.0098000e+03
   1.0090000e+03
   1.0052000e+03
   1.0047000e+03
   1.0043000e+03
   1.0065000e+03
   1.0077000e+03
   1.0099000e+03
   1.0107000e+03
   1.0121000e+03
   1.0120000e+03
   1.0117000e+03
   1.0095000e+03
   1.0065000e+03
   1.0044000e+03
   1.0053000e+03
   1.0051000e+03
   1.0070000e+03
   1.0094000e+03
   1.0119000e+03
   1.0112000e+03
   1.0133000e+03
   1.0132000e+03
   1.0125000e+03
   1.0114000e+03
   1.0095000e+03
   1.0089000e+03
   1.0067000e+03
   1.0071000e+03
   1.0083000e+03
   1.0103000e+03
   1.0103000e+03
   1.0125000e+03
   1.0130000e+03
   1.0126000e+03
   1.0121000e+03
   1.0099000e+03
   1.0077000e+03
   1.0084000e+03
   1.0069000e+03
   1.0073000e+03
   1.0080000e+03
   1.0089000e+03
   1.0131000e+03
   1.0125000e+03
   1.0139000e+03
   1.0130000e+03
   1.0132000e+03
   1.0108000e+03
   1.0094000e+03
   1.0081000e+03
   1.0049000e+03
   1.0073000e+03
   1.0077000e+03
   1.0077000e+03
   1.0101000e+03
   1.0123000e+03
   1.0124000e+03
   1.0118000e+03
   1.0119000e+03
   1.0107000e+03
   1.0091000e+03
   1.0065000e+03
   1.0083000e+03
   1.0037000e+03
   1.0067000e+03
   1.0089000e+03
   1.0094000e+03
   1.0109000e+03
   1.0117000e+03
   1.0114000e+03
   1.0109000e+03
   1.0093000e+03
   1.0076000e+03
   1.0076000e+03
   1.0048000e+03
   1.0047000e+03
   1.0069000e+03
   1.0083000e+03
   1.0091000e+03
   1.0113000e+03
   1.0112000e+03
   1.0115000e+03
   1.0114000e+03
   1.0097000e+03
   1.0087000e+03
   1.0056000e+03
   1.0065000e+03
   1.0064000e+03
   1.0078000e+03
   1.0095000e+03
   1.0123000e+03
   1.0125000e+03
   1.0129000e+03
   1.0133000e+03
   1.0131000e+03
   1.0115000e+03
   1.0098000e+03
   1.0077000e+03
   1.0085000e+03
   1.0071000e+03
   1.0081000e+03
   1.0089000e+03
   1.0109000e+03
   1.0116000e+03
   1.0124000e+03
   1.0116000e+03
   1.0115000e+03
   1.0096000e+03
   1.0091000e+03
   1.0083000e+03
   1.0061000e+03
   1.0087000e+03
   1.0069000e+03
   1.0089000e+03
   1.0104000e+03
   1.0128000e+03
   1.0135000e+03
   1.0131000e+03
   1.0119000e+03
   1.0105000e+03
   1.0077000e+03
   1.0061000e+03
   1.0065000e+03
   1.0067000e+03
   1.0071000e+03
   1.0085000e+03
   1.0100000e+03
   1.0125000e+03
   1.0125000e+03
   1.0125000e+03
   1.0105000e+03
   1.0107000e+03
   1.0087000e+03
   1.0072000e+03
   1.0073000e+03
   1.0064000e+03
   1.0095000e+03
   1.0092000e+03
   1.0112000e+03
   1.0129000e+03
   1.0131000e+03
   1.0131000e+03
   1.0121000e+03
   1.0104000e+03
   1.0093000e+03
   1.0069000e+03
   1.0051000e+03
   1.0074000e+03
   1.0084000e+03
   1.0097000e+03
   1.0102000e+03
   1.0117000e+03
   1.0123000e+03
   1.0135000e+03
   1.0112000e+03
   1.0098000e+03
   1.0083000e+03
   1.0074000e+03
   1.0060000e+03
   1.0080000e+03
   1.0067000e+03
   1.0087000e+03
   1.0104000e+03
   1.0134000e+03
   1.0136000e+03
   1.0124000e+03
   1.0128000e+03
   1.0123000e+03
   1.0105000e+03
   1.0091000e+03
   1.0073000e+03
   1.0071000e+03
   1.0071000e+03
   1.0092000e+03
   1.0105000e+03
   1.0120000e+03
   1.0121000e+03
   1.0122000e+03
   1.0105000e+03
   1.0095000e+03
   1.0079000e+03
   1.0077000e+03
   1.0064000e+03
   1.0058000e+03
   1.0069000e+03
   1.0114000e+03
   1.0111000e+03
   1.0141000e+03
   1.0156000e+03
   1.0137000e+03
   1.0134000e+03
   1.0125000e+03
   1.0104000e+03
   1.0067000e+03
   1.0075000e+03
   1.0069000e+03
   1.0087000e+03
   1.0100000e+03
   1.0123000e+03
   1.0133000e+03
   1.0130000e+03
   1.0127000e+03
   1.0121000e+03
   1.0113000e+03
   1.0090000e+03
   1.0077000e+03
   1.0051000e+03
   1.0057000e+03
   1.0073000e+03
   1.0107000e+03
   1.0111000e+03
   1.0125000e+03
   1.0128000e+03
   1.0128000e+03
   1.0129000e+03
   1.0109000e+03
   1.0089000e+03
   1.0079000e+03
   1.0041000e+03
   1.0051000e+03
   1.0083000e+03
   1.0098000e+03
   1.0096000e+03
   1.0123000e+03
   1.0127000e+03
   1.0128000e+03
   1.0123000e+03
   1.0111000e+03
   1.0099000e+03
   1.0074000e+03
   1.0058000e+03
   1.0065000e+03
   1.0084000e+03
   1.0110000e+03
   1.0111000e+03
   1.0127000e+03
   1.0136000e+03
   1.0135000e+03
   1.0119000e+03
   1.0115000e+03
   1.0092000e+03
   1.0070000e+03
   1.0083000e+03
   1.0072000e+03
   1.0072000e+03
   1.0101000e+03
   1.0107000e+03
   1.0119000e+03
   1.0139000e+03
   1.0120000e+03
   1.0102000e+03
   1.0088000e+03
   1.0074000e+03
   1.0054000e+03
   1.0058000e+03
   1.0045000e+03
   1.0060000e+03
   1.0080000e+03
   1.0104000e+03
   1.0130000e+03
   1.0125000e+03
   1.0117000e+03
   1.0108000e+03
   1.0095000e+03
   1.0083000e+03
   1.0058000e+03
   1.0058000e+03
   1.0051000e+03
   1.0067000e+03
   1.0106000e+03
   1.0124000e+03
   1.0128000e+03
   1.0138000e+03
   1.0138000e+03
   1.0137000e+03
   1.0126000e+03
   1.0098000e+03
   1.0096000e+03
   1.0073000e+03
   1.0083000e+03
   1.0074000e+03
   1.0090000e+03
   1.0108000e+03
   1.0110000e+03
   1.0124000e+03
   1.0115000e+03
   1.0114000e+03
   1.0096000e+03
   1.0058000e+03
   1.0066000e+03
   1.0040000e+03
   1.0044000e+03
   1.0055000e+03
   1.0088000e+03
   1.0110000e+03
   1.0124000e+03
   1.0127000e+03
   1.0121000e+03
   1.0110000e+03
   1.0097000e+03
   1.0078000e+03
   1.0065000e+03
   1.0065000e+03
   1.0069000e+03
   1.0066000e+03
   1.0078000e+03
   1.0104000e+03
   1.0114000e+03
   1.0118000e+03
   1.0113000e+03
   1.0105000e+03
   1.0089000e+03
   1.0082000e+03
   1.0056000e+03
   1.0051000e+03
   1.0054000e+03
   1.0056000e+03
   1.0099000e+03
   1.0120000e+03
   1.0125000e+03
   1.0142000e+03
   1.0141000e+03
   1.0130000e+03
   1.0100000e+03
   1.0077000e+03
   1.0065000e+03
   1.0058000e+03
   1.0056000e+03
   1.0081000e+03
   1.0092000e+03
   1.0113000e+03
   1.0135000e+03
   1.0136000e+03
   1.0136000e+03
   1.0130000e+03
   1.0123000e+03
   1.0100000e+03
   1.0081000e+03
   1.0082000e+03
   1.0089000e+03
   1.0095000e+03
   1.0101000e+03
   1.0093000e+03
   1.0111000e+03
   1.0113000e+03
   1.0119000e+03
   1.0116000e+03
   1.0107000e+03
   1.0095000e+03
   1.0074000e+03
   1.0060000e+03
   1.0069000e+03
   1.0079000e+03
   1.0097000e+03
   1.0112000e+03
   1.0126000e+03
   1.0146000e+03
   1.0133000e+03
   1.0117000e+03
   1.0110000e+03
   1.0091000e+03
   1.0085000e+03
   1.0059000e+03
   1.0063000e+03
   1.0072000e+03
   1.0097000e+03
   1.0113000e+03
   1.0125000e+03
   1.0132000e+03
   1.0134000e+03
   1.0127000e+03
   1.0107000e+03
   1.0091000e+03
   1.0073000e+03
   1.0051000e+03
   1.0062000e+03
   1.0099000e+03
   1.0099000e+03
   1.0105000e+03
   1.0115000e+03
   1.0118000e+03
   1.0124000e+03
   1.0115000e+03
   1.0111000e+03
   1.0084000e+03
   1.0075000e+03
   1.0065000e+03
   1.0070000e+03
   1.0075000e+03
   1.0101000e+03
   1.0119000e+03
   1.0139000e+03
   1.0145000e+03
   1.0147000e+03
   1.0143000e+03
   1.0125000e+03
   1.0111000e+03
   1.0093000e+03
   1.0098000e+03
   1.0103000e+03
   1.0101000e+03
   1.0101000e+03
   1.0117000e+03
   1.0133000e+03
   1.0144000e+03
   1.0141000e+03
   1.0121000e+03
   1.0105000e+03
   1.0097000e+03
   1.0085000e+03
   1.0071000e+03
   1.0053000e+03
   1.0081000e+03
   1.0101000e+03
   1.0111000e+03
   1.0132000e+03
   1.0132000e+03
   1.0122000e+03
   1.0117000e+03
   1.0113000e+03
   1.0093000e+03
   1.0051000e+03
   1.0077000e+03
   1.0054000e+03
   1.0061000e+03
   1.0075000e+03
   1.0094000e+03
   1.0126000e+03
   1.0136000e+03
   1.0124000e+03
   1.0115000e+03
   1.0107000e+03
   1.0084000e+03
   1.0076000e+03
   1.0047000e+03
   1.0069000e+03
   1.0084000e+03
   1.0093000e+03
   1.0116000e+03
   1.0110000e+03
   1.0128000e+03
   1.0120000e+03
   1.0122000e+03
   1.0109000e+03
   1.0093000e+03
   1.0097000e+03
   1.0071000e+03
   1.0074000e+03
   1.0107000e+03
   1.0115000e+03
   1.0126000e+03
   1.0131000e+03
   1.0148000e+03
   1.0143000e+03
   1.0135000e+03
   1.0112000e+03
   1.0089000e+03
   1.0078000e+03
   1.0078000e+03
   1.0067000e+03
   1.0068000e+03
   1.0101000e+03
   1.0108000e+03
   1.0139000e+03
   1.0128000e+03
   1.0125000e+03
   1.0106000e+03
   1.0091000e+03
   1.0074000e+03
   1.0066000e+03
   1.0054000e+03
   1.0068000e+03
   1.0073000e+03
   1.0076000e+03
   1.0101000e+03
   1.0128000e+03
   1.0121000e+03
   1.0133000e+03
   1.0117000e+03
   1.0099000e+03
   1.0087000e+03
   1.0088000e+03
   1.0069000e+03
   1.0100000e+03
   1.0083000e+03
   1.0097000e+03
   1.0103000e+03
   1.0124000e+03
   1.0128000e+03
   1.0135000e+03
   1.0133000e+03
   1.0114000e+03
   1.0091000e+03
   1.0077000e+03
   1.0063000e+03
   1.0065000e+03
   1.0095000e+03
   1.0099000e+03
   1.0126000e+03
   1.0133000e+03
   1.0134000e+03
   1.0140000e+03
   1.0133000e+03
   1.0111000e+03
   1.0101000e+03
   1.0085000e+03
   1.0101000e+03
   1.0077000e+03
   1.0105000e+03
   1.0110000e+03
   1.0111000e+03
   1.0125000e+03
   1.0147000e+03
   1.0128000e+03
   1.0112000e+03
   1.0112000e+03
   1.0095000e+03
   1.0073000e+03
   1.0068000e+03
   1.0064000e+03
   1.0101000e+03
   1.0114000e+03
   1.0124000e+03
   1.0139000e+03
   1.0135000e+03
   1.0151000e+03
   1.0134000e+03
   1.0120000e+03
   1.0090000e+03
   1.0070000e+03
   1.0067000e+03
   1.0065000e+03
   1.0094000e+03
   1.0108000e+03
   1.0120000e+03
   1.0129000e+03
   1.0141000e+03
   1.0149000e+03
   1.0135000e+03
   1.0119000e+03
   1.0098000e+03
   1.0093000e+03
   1.0070000e+03
   1.0078000e+03
   1.0072000e+03
   1.0096000e+03
   1.0116000e+03
   1.0130000e+03
   1.0127000e+03
   1.0132000e+03
   1.0120000e+03
   1.0102000e+03
   1.0088000e+03
   1.0075000e+03
   1.0057000e+03
   1.0062000e+03
   1.0074000e+03
   1.0091000e+03
   1.0122000e+03
   1.0124000e+03
   1.0125000e+03
   1.0126000e+03
   1.0103000e+03
   1.0099000e+03
   1.0084000e+03
   1.0056000e+03
   1.0073000e+03
   1.0048000e+03
   1.0086000e+03
   1.0119000e+03
   1.0119000e+03
   1.0147000e+03
   1.0143000e+03
   1.0151000e+03
   1.0147000e+03
   1.0132000e+03
   1.0114000e+03
   1.0086000e+03
   1.0078000e+03
   1.0102000e+03
   1.0100000e+03
   1.0110000e+03
   1.0115000e+03
   1.0122000e+03
   1.0125000e+03
   1.0128000e+03
   1.0117000e+03
   1.0097000e+03
   1.0074000e+03
   1.0059000e+03
   1.0049000e+03
   1.0062000e+03
   1.0064000e+03
   1.0087000e+03
   1.0121000e+03
   1.0130000e+03
   1.0132000e+03
   1.0139000e+03
   1.0124000e+03
   1.0103000e+03
   1.0080000e+03
   1.0066000e+03
   1.0067000e+03
   1.0065000e+03
   1.0074000e+03
   1.0086000e+03
   1.0117000e+03
   1.0135000e+03
   1.0131000e+03
   1.0122000e+03
   1.0120000e+03
   1.0092000e+03
   1.0065000e+03
   1.0048000e+03
   1.0072000e+03
